#BJD_TDB   flux flux_err var_flux comp_flux    x_coord   y_coord dist_center     fwhm airmass       sky ens_avg
2459328.9519920 1.0049   0.0035   1.1216    1.1127  1382.7373  906.1469     15.2072   9.0097  1.2563   70.0864 11.9587
2459328.9535197 1.0085   0.0035   1.1239    1.1099  1382.8611  906.0773     15.2492   9.6977  1.2548   67.5950 11.9603
2459328.9550359 1.0001   0.0035   1.1137    1.1102  1382.7686  909.9990     11.4657   9.2915  1.2534   63.7096 11.9612
2459328.9611354 1.0005   0.0035   1.1160    1.1129  1383.3081  906.1874     15.0552  11.4627  1.2482   62.3584 11.9594
2459328.9626516 0.9961   0.0035   1.1119    1.1124  1382.9216  906.1658     15.1503  11.6614  1.2470   60.1639 11.9585
2459328.9641794 0.9990   0.0035   1.1114    1.1058  1383.3983  906.1455     15.0806  12.0201  1.2458   59.2072 11.9623
2459328.9672234 1.0017   0.0035   1.0969    1.0865  1382.8007  906.1811     15.1603  12.1938  1.2437   58.8250 11.9794
2459328.9687511 0.9905   0.0035   1.0898    1.0922  1383.3144  906.1795     15.0619   9.9539  1.2427   61.7198 11.9743
2459328.9702789 1.0009   0.0035   1.0958    1.0866  1383.4890  907.1590     14.0670   9.9993  1.2418   62.4323 11.9797
2459328.9717951 1.0024   0.0035   1.0988    1.0945  1382.6946  906.1559     15.2077  12.3919  1.2409   62.0311 11.9784
2459328.9733229 1.0023   0.0035   1.0989    1.0934  1382.8160  906.1569     15.1808  12.2613  1.2400   61.5865 11.9781
2459328.9748507 1.0025   0.0035   1.1000    1.0869  1382.8573  906.1966     15.1333  10.2945  1.2392   60.9475 11.9773
2459328.9763669 0.9993   0.0035   1.0973    1.0954  1383.4015  906.1933     15.0330  10.1446  1.2385   61.1083 11.9764
2459328.9778946 1.0040   0.0035   1.0977    1.0926  1382.7598  906.1923     15.1581  12.6379  1.2378   63.5647 11.9812
2459328.9794108 1.0025   0.0035   1.0916    1.0837  1383.5135  906.1628     15.0442  10.3157  1.2371   62.5840 11.9856
2459328.9809386 0.9918   0.0035   1.0756    1.0847  1381.9847  907.0892     14.4787  13.4913  1.2365   63.5648 11.9900
2459328.9824548 1.0016   0.0035   1.0801    1.0788  1383.0037  907.0993     14.2200  11.3912  1.2360   64.7318 11.9961
2459328.9839826 0.9923   0.0036   1.0607    1.0642  1382.8751  907.1075     14.2396  12.8518  1.2355   65.1510 12.0057
2459328.9870265 1.0036   0.0036   1.0690    1.0583  1383.5165  906.1542     15.0521  10.7559  1.2346   65.1851 12.0095
2459328.9900821 1.0060   0.0036   1.0650    1.0573  1382.7071  907.1336     14.2520  10.8096  1.2339   66.2285 12.0161
2459328.9915983 0.9978   0.0036   1.0666    1.0625  1382.1033  907.1168     14.4197  14.0236  1.2336   67.7760 12.0057
2459328.9931260 0.9972   0.0036   1.0569    1.0540  1384.3072  906.1930     14.9034  11.4121  1.2334   67.4750 12.0148
2459328.9946422 0.9984   0.0036   1.0276    1.0240  1380.6264  906.1225     15.8182  14.1582  1.2332   68.5932 12.0466
2459328.9961700 0.9944   0.0036   1.0549    1.0550  1383.4505  906.2107     15.0074  13.2293  1.2331   66.3070 12.0139
2459329.0023274 0.9966   0.0036   1.0560    1.0475  1450.7855  873.1222     80.5571  10.2734  1.2331   67.1106 12.0152
2459329.0053714 1.0026   0.0036   1.0629    1.0579  1450.7507  873.0472     80.5737   9.7153  1.2333   68.2403 12.0146
2459329.0068991 0.9960   0.0036   1.0479    1.0449  1450.7535  874.1708     79.9124   9.6713  1.2335   67.8563 12.0229
2459329.0099431 1.0003   0.0036   1.0527    1.0474  1451.3509  873.2061     80.9629  11.7208  1.2341   68.1966 12.0226
2459329.0114709 1.0040   0.0036   1.0489    1.0379  1451.4893  873.1445     81.1111  11.7901  1.2344   68.7335 12.0306
2459329.0129871 1.0070   0.0036   1.0491    1.0373  1451.7213  874.0734     80.7552  12.0368  1.2348   69.2456 12.0335
2459329.0145148 1.0030   0.0036   1.0444    1.0351  1451.4944  874.0497     80.5844  11.3621  1.2353   67.1651 12.0341
2459329.0175588 1.0000   0.0036   1.0410    1.0360  1451.2733  873.1711     80.9210  11.6447  1.2363   67.3134 12.0344
2459329.0221305 0.9990   0.0036   1.0452    1.0408  1451.2559  874.1442     80.3355  11.8540  1.2382   68.3913 12.0290
2459329.0236467 0.9993   0.0036   1.0504    1.0450  1451.4895  875.0599     79.9961  11.4872  1.2389   67.4225 12.0238
2459329.0251745 1.0000   0.0036   1.0515    1.0464  1451.5773  873.2068     81.1454  11.5389  1.2397   67.3173 12.0235
2459329.0267023 0.9969   0.0036   1.0515    1.0499  1451.3573  873.1599     80.9954  11.1544  1.2405   67.5574 12.0201
2459329.0282185 0.9987   0.0036   1.0458    1.0424  1451.3024  873.1961     80.9297  11.6070  1.2414   69.0163 12.0279
2459329.0312625 1.0028   0.0036   1.0316    1.0221  1451.4335  874.1927     80.4517  11.6221  1.2433   67.1299 12.0473
2459329.0327902 0.9949   0.0036   1.0269    1.0262  1451.2818  874.1731     80.3397  11.5556  1.2443   66.6639 12.0436
2459329.0343064 0.9998   0.0037   1.0336    1.0263  1451.2423  874.1681     80.3105  10.0310  1.2453   65.8766 12.0419
2459329.0358342 0.9929   0.0036   1.0286    1.0346  1452.1087  874.1733     81.0130   9.2159  1.2465   67.4781 12.0396
2459329.0373620 1.0010   0.0037   1.0367    1.0295  1451.5249  874.2132     80.5141  11.4381  1.2476   68.3154 12.0400
2459329.0419221 1.0007   0.0036   1.0365    1.0345  1452.1466  874.1670     81.0475  11.7218  1.2514   67.0913 12.0398
2459329.0434499 0.9992   0.0037   1.0347    1.0351  1451.5987  874.2050     80.5789  12.0165  1.2528   67.8524 12.0401
2459329.0449661 1.0009   0.0037   1.0316    1.0215  1451.4554  874.1904     80.4708  11.7216  1.2542   69.6712 12.0452
2459329.0504869 0.9958   0.0037   1.0224    1.0256  1403.4678  932.2124     20.7567  12.3732  1.2597   66.9006 12.0495
2459329.0520147 0.9921   0.0037   1.0153    1.0173  1404.1892  932.2195     21.3711  10.1988  1.2614   66.8926 12.0529
2459329.0565864 0.9960   0.0036   1.0323    1.0344  1403.7053  933.1178     21.4551  12.6706  1.2666   65.9437 12.0392
2459329.0581026 0.9971   0.0037   1.0300    1.0277  1404.2710  932.1643     21.4119  10.1502  1.2685   67.5179 12.0428
2459329.0642021 0.9945   0.0037   1.0184    1.0189  1404.2235  933.1727     21.9150  12.1882  1.2764   70.1720 12.0522
2459329.0672461 0.9953   0.0037   1.0144    1.0184  1403.7487  933.1350     21.5006  12.6408  1.2807   69.3554 12.0573
2459329.0687623 1.0024   0.0037   1.0152    1.0067  1404.2611  933.1408     21.9287  12.1603  1.2829   67.6002 12.0643
2459329.0702901 0.9990   0.0037   1.0077    1.0015  1404.2864  933.1626     21.9618  12.4482  1.2852   68.2697 12.0686
2459329.0733456 0.9953   0.0037   1.0162    1.0180  1404.3225  933.1346     21.9764  12.1331  1.2899   67.6054 12.0555
2459329.0748618 0.9964   0.0037   1.0271    1.0280  1404.3556  933.1951     22.0375  12.1687  1.2924   67.8509 12.0451
2459329.0763896 0.9900   0.0036   1.0240    1.0373  1404.2574  933.1714     21.9425  12.2303  1.2949   68.2190 12.0414
2459329.0794335 0.9945   0.0037   1.0251    1.0241  1404.4477  933.1449     22.0866  12.5452  1.3000   67.5639 12.0452
2459329.0809613 0.9972   0.0037   1.0258    1.0232  1404.4698  933.1725     22.1202  12.5372  1.3027   69.0719 12.0473
2459329.0824775 0.9975   0.0037   1.0300    1.0271  1404.3043  933.1975     21.9960  12.5903  1.3054   70.1385 12.0432
2459329.0840053 1.0024   0.0037   1.0402    1.0332  1404.3374  934.0964     22.5339  12.3586  1.3082   71.2240 12.0379
2459329.0855215 1.0016   0.0037   1.0348    1.0310  1405.0726  933.1952     22.6381   9.2022  1.3110   71.6371 12.0426
2459329.0870492 0.9939   0.0037   1.0245    1.0320  1404.4456  933.1915     22.1105  12.4253  1.3139   71.2643 12.0451
2459329.0885770 0.9924   0.0037   1.0123    1.0245  1404.4963  933.1901     22.1520  12.2123  1.3169   71.2445 12.0566
2459329.0916210 0.9850   0.0037   0.9936    1.0032  1405.2086  933.1947     22.7526  12.4565  1.3230   71.5423 12.0687
2459329.0931372 0.9982   0.0037   1.0025    1.0002  1404.6087  933.2020     22.2524  12.0334  1.3261   71.1970 12.0733
2459329.0971534 0.9951   0.0037   0.9986    0.9991  1395.6486  878.1389     43.9337  12.1306  1.3347   71.7165 12.0743
2459329.0986696 0.9956   0.0038   0.9985    0.9970  1395.3554  876.2064     45.7602  11.9149  1.3380   69.2606 12.0749
2459329.1001973 0.9911   0.0037   0.9921    0.9980  1394.7451  876.1970     45.6485  11.6070  1.3415   70.3949 12.0770
2459329.1017251 0.9993   0.0037   1.0016    1.0004  1395.4779  877.1101     44.9016  10.9396  1.3450   70.4457 12.0755
2459329.1032413 1.0015   0.0037   1.0108    1.0045  1395.5124  877.0685     44.9495  11.6472  1.3485   68.6297 12.0679
2459329.1047691 0.9969   0.0037   1.0083    1.0071  1395.1727  877.0974     44.8506  12.2901  1.3521   69.5185 12.0657
2459329.1062968 0.9933   0.0037   1.0065    1.0054  1395.3950  877.1102     44.8840  12.1246  1.3558   69.5305 12.0637
2459329.1078130 0.9987   0.0037   1.0131    1.0116  1395.5534  877.1231     44.9049  11.8339  1.3595   72.1190 12.0625
2459329.1093408 0.9940   0.0038   1.0014    1.0047  1395.5119  877.1264     44.8928  12.1190  1.3633   74.1381 12.0699
2459329.1108570 1.0020   0.0038   1.0009    0.9964  1395.2944  877.0508     44.9212  12.4814  1.3672   76.8422 12.0792
2459329.1123848 0.9857   0.0038   0.9904    0.9997  1395.5415  877.0761     44.9483  12.2359  1.3712   76.4705 12.0729
2459329.1139125 1.0023   0.0038   1.0114    1.0098  1396.0852  877.0970     45.0465  11.9939  1.3752   78.4290 12.0682
2459329.1154287 0.9954   0.0038   1.0056    1.0052  1395.6976  876.1845     45.8528  12.0557  1.3792   81.8084 12.0670
2459329.1169565 0.9919   0.0038   0.9987    0.9999  1395.2351  877.0910     44.8696  12.2031  1.3834   82.7084 12.0705
2459329.1184843 0.9991   0.0038   1.0051    1.0069  1395.7231  877.1326     44.9320  12.3989  1.3876   83.4353 12.0716
2459329.1200005 0.9969   0.0038   0.9986    0.9942  1396.1024  877.0646     45.0820  10.1014  1.3919   84.2661 12.0762
2459329.1215282 0.9961   0.0038   0.9898    0.9928  1396.0935  877.1118     45.0339   8.8216  1.3962   85.3025 12.0849
2459329.1230560 0.9960   0.0039   0.9848    0.9850  1396.1303  877.1017     45.0520  12.5883  1.4007   85.8719 12.0902
2459329.1261000 0.9947   0.0039   0.9724    0.9745  1395.6377  877.1606     44.8862  12.1132  1.4097   88.9734 12.1026
2459329.1276277 0.9898   0.0039   0.9658    0.9763  1395.6834  877.1086     44.9469  12.0696  1.4144   90.3325 12.1047
2459329.1291555 1.0033   0.0039   0.9714    0.9629  1396.1251  878.0265     44.1502  12.6797  1.4191   93.8589 12.1130
2459329.1306717 0.9916   0.0040   0.9592    0.9621  1396.1500  877.1518     45.0076  11.8827  1.4239   94.3559 12.1140
2459329.1321995 0.9944   0.0040   0.9591    0.9597  1396.0974  877.1180     45.0287  12.0137  1.4288   94.3189 12.1172
2459329.1337273 0.9945   0.0040   0.9546    0.9637  1395.7243  877.1376     44.9274  12.3524  1.4337   96.7888 12.1224
2459329.1352435 0.9888   0.0040   0.9509    0.9674  1396.3326  877.1041     45.0956  12.2838  1.4387   98.5899 12.1205
2459329.1367712 1.0033   0.0040   0.9685    0.9633  1396.1590  877.1583     45.0033  12.0657  1.4439   98.3265 12.1163
2459329.1382874 0.9940   0.0040   0.9564    0.9581  1396.1460  877.1280     45.0299   9.4225  1.4490   97.6498 12.1199
2459329.1398152 0.9962   0.0040   0.9537    0.9543  1396.2364  878.0455     44.1574   9.4897  1.4543  100.9075 12.1253
2459329.1413314 1.0049   0.0041   0.9582    0.9470  1396.4192  878.0351     44.2102  12.2840  1.4596  102.7813 12.1297
2459329.1450004 0.9946   0.0041   0.9411    0.9291  1387.3193  876.1575     44.8619  12.4332  1.4728  104.1666 12.1381
2459329.1465165 0.9956   0.0040   0.9603    0.9580  1388.1806  875.0607     45.9911  12.4025  1.4784  103.6734 12.1172
2459329.1480443 0.9927   0.0040   0.9561    0.9598  1387.5230  875.0639     45.9614  12.9329  1.4841  103.5163 12.1188
2459329.1495721 0.9924   0.0041   0.9412    0.9450  1387.3503  876.0290     44.9912  11.5278  1.4899  103.5661 12.1355
2459329.1510999 0.9894   0.0040   0.9407    0.9457  1387.7174  875.0728     45.9593   9.4950  1.4958  104.1110 12.1328
2459329.1526161 0.9976   0.0041   0.9493    0.9489  1388.1582  875.1332     45.9175   9.7541  1.5017  104.0511 12.1319
2459329.1541438 0.9990   0.0041   0.9523    0.9489  1388.0793  875.9842     45.0638  12.4143  1.5078  103.6798 12.1299
2459329.1556716 0.9883   0.0040   0.9519    0.9593  1388.0438  876.0303     45.0161   9.4915  1.5139  103.7057 12.1188
2459329.1571878 0.9971   0.0040   0.9617    0.9657  1388.1506  875.1162     45.9342   9.7637  1.5201  104.6265 12.1173
2459329.1587156 0.9960   0.0040   0.9592    0.9583  1388.2510  875.1468     45.9084  12.2338  1.5265  102.4590 12.1189
2459329.1602433 0.9937   0.0041   0.9495    0.9485  1388.1100  875.1390     45.9096   9.1902  1.5329  105.7824 12.1275
2459329.1617595 1.0020   0.0041   0.9522    0.9462  1388.1539  876.0205     45.0310   9.9965  1.5394  107.7696 12.1333
2459329.1632873 0.9903   0.0041   0.9309    0.9393  1389.0561  875.1155     45.9861  10.1341  1.5460  110.6943 12.1453
2459329.1648151 0.9972   0.0041   0.9333    0.9305  1388.2993  875.1622     45.8954   9.5815  1.5527  109.6728 12.1498
2459329.1663313 0.9861   0.0041   0.9243    0.9387  1388.1561  875.1051     45.9455  12.0292  1.5595  109.2830 12.1483
2459329.1678590 1.0032   0.0042   0.9389    0.9330  1388.3043  875.1417     45.9162   9.5124  1.5664  108.5617 12.1500
2459329.1693752 0.9895   0.0041   0.9259    0.9340  1388.2983  875.1423     45.9153   9.4318  1.5733  109.6499 12.1501
2459329.1709030 1.0001   0.0041   0.9367    0.9363  1388.2696  875.9992     45.0580   9.6743  1.5804  109.7265 12.1490
2459329.1724192 1.0002   0.0042   0.9212    0.9103  1388.0988  876.0336     45.0153  12.7513  1.5876  115.0662 12.1673
2459329.1739470 0.9993   0.0043   0.9100    0.8984  1388.2641  876.0733     44.9837  12.0456  1.5949  113.4627 12.1796
2459329.1754747 0.9947   0.0043   0.9053    0.9056  1388.2370  876.0397     45.0159  10.1375  1.6023  114.9734 12.1803
2459329.1769909 0.9964   0.0042   0.9308    0.9263  1388.4844  875.1549     45.9124  12.3957  1.6098  109.6989 12.1519
2459329.1785187 0.9897   0.0041   0.9333    0.9451  1388.3949  876.0552     45.0086  12.0068  1.6174  108.9812 12.1417
2459329.1800465 0.9898   0.0041   0.9339    0.9402  1389.0800  876.1033     45.0022  12.4248  1.6251  107.1984 12.1411
2459329.1815627 0.9912   0.0041   0.9358    0.9327  1388.5511  875.1100     45.9609   9.5874  1.6329  105.1359 12.1405
2459329.1830904 1.0074   0.0041   0.9436    0.9308  1387.7931  876.0863     44.9495  12.6025  1.6409  106.9670 12.1491
2459329.1846182 0.9885   0.0041   0.9221    0.9305  1388.5447  875.1473     45.9233   9.8776  1.6489  103.8670 12.1536
2459329.1861344 0.9974   0.0041   0.9287    0.9287  1388.5725  876.0558     45.0178   9.7791  1.6570  106.2287 12.1556
2459329.1876622 0.9959   0.0042   0.9225    0.9294  1389.1259  876.0440     45.0645   9.7887  1.6653  105.1987 12.1611
2459329.1891900 0.9999   0.0041   0.9303    0.9255  1389.1223  876.0733     45.0350   9.8254  1.6737  106.4253 12.1564
2459329.1928242 1.0045   0.0041   0.9448    0.9408  1383.2242  864.9958     56.0730   9.2181  1.6942  107.4815 12.1445
2459329.1943520 1.0065   0.0042   0.9477    0.9358  1382.6253  866.0327     55.0708   9.9770  1.7030  108.6088 12.1434
2459329.1958682 1.0058   0.0042   0.9325    0.9189  1383.2794  865.1592     55.9070   9.6946  1.7119  109.8115 12.1602
2459329.1973959 0.9979   0.0042   0.9179    0.9116  1383.2308  865.1440     55.9246   8.7912  1.7210  109.2600 12.1688
2459329.1989237 0.9937   0.0042   0.9097    0.9125  1383.3542  866.0865     54.9772  10.0333  1.7302  110.9435 12.1739
2459329.2004399 1.0065   0.0042   0.9279    0.9244  1383.2366  865.0401     56.0281  10.5660  1.7394  111.5042 12.1663
2459329.2019561 0.9919   0.0042   0.9082    0.9080  1383.1444  864.1538     56.9179   9.7724  1.7488  109.7538 12.1737
2459329.2034839 1.0060   0.0042   0.9206    0.9128  1383.4458  867.0022     54.0582   9.9021  1.7583  110.5482 12.1743
2459329.2050116 1.0031   0.0043   0.9165    0.9128  1383.5496  866.0091     55.0455  10.2864  1.7680  112.8637 12.1761
2459329.2065278 0.9876   0.0042   0.9001    0.8958  1383.6312  865.1567     55.8935   9.3319  1.7778  113.1049 12.1787
2459329.2080556 0.9950   0.0042   0.9076    0.9148  1384.2760  865.0338     55.9927  10.2628  1.7878  112.3493 12.1779
2459329.2115972 0.9988   0.0043   0.8981    0.8949  1434.2666  907.1535     50.2134  12.1936  1.8115  113.6717 12.1935
2459329.2131250 0.9943   0.0043   0.9049    0.8923  1435.0879  905.0014     51.6292   9.8367  1.8219  115.9127 12.1803
2459329.2146412 1.0033   0.0043   0.9135    0.9052  1435.0375  904.1073     51.8656   9.1028  1.8324  114.6286 12.1799
2459329.2161690 1.0021   0.0043   0.9114    0.9139  1435.3137  905.1336     51.8033   9.1329  1.8431  116.0373 12.1811
2459329.2176968 0.9918   0.0043   0.8849    0.9030  1435.0378  904.0955     51.8697  10.6251  1.8540  112.1320 12.2018