#BJD_TDB   flux flux_err var_flux comp_flux    x_coord   y_coord dist_center     fwhm airmass       sky ens_avg
2459328.9512276 1.0023   0.0047   1.2762    1.2723  1384.0852  905.9160     15.2051   8.1986  1.2571  211.2106 11.7931
2459328.9527553 1.0050   0.0047   1.2620    1.2591  1383.3868  905.9505     15.2747   8.3082  1.2556  201.9997 11.8082
2459328.9542715 1.0014   0.0047   1.2455    1.2388  1383.3100  906.8682     14.3856   7.3429  1.2541  198.5991 11.8186
2459328.9557993 1.0022   0.0046   1.2568    1.2515  1383.2807  906.0113     15.2333   6.7349  1.2527  194.6554 11.8097
2459328.9573271 1.0000   0.0046   1.2596    1.2564  1383.4363  905.8374     15.3778   6.4473  1.2513  192.1622 11.8049
2459328.9588433 0.9987   0.0046   1.2571    1.2549  1383.6018  905.9543     15.2357   6.7032  1.2500  189.9774 11.8056
2459328.9603710 1.0086   0.0046   1.2621    1.2442  1383.5616  906.0818     15.1162   6.1543  1.2488  190.8725 11.8121
2459328.9618988 1.0009   0.0046   1.2604    1.2511  1383.3544  906.0549     15.1774   8.9396  1.2476  189.5204 11.8052
2459328.9634150 0.9976   0.0046   1.2511    1.2496  1383.5649  906.0395     15.1573   8.9527  1.2464  189.5931 11.8096
2459328.9649428 1.0012   0.0046   1.2479    1.2371  1383.6900  906.0559     15.1215   7.3943  1.2453  188.2835 11.8164
2459328.9664590 1.0001   0.0047   1.2317    1.2314  1383.6400  906.0777     15.1078   6.9435  1.2442  188.7355 11.8293
2459328.9679868 0.9981   0.0047   1.2235    1.2182  1383.5658  906.0482     15.1487   7.3799  1.2432  188.0448 11.8345
2459328.9710423 0.9930   0.0047   1.2112    1.2125  1384.0713  906.1017     15.0226   9.3904  1.2413  190.6461 11.8398
2459328.9725585 1.0025   0.0047   1.2239    1.2126  1383.3477  905.9247     15.3069   7.1509  1.2405  191.0830 11.8388
2459328.9740863 1.0030   0.0047   1.2241    1.2189  1383.3825  905.9875     15.2390   6.8647  1.2396  191.4367 11.8391
2459328.9756025 0.9905   0.0047   1.2113    1.2153  1384.1505  906.0619     15.0522   7.0476  1.2389  191.6511 11.8370
2459328.9771302 0.9973   0.0047   1.2019    1.1962  1382.7971  906.9027     14.4565  10.5232  1.2382  192.2744 11.8528
2459328.9786464 1.0019   0.0048   1.1989    1.1966  1383.4925  906.0225     15.1859   9.3921  1.2375  193.5610 11.8605
2459328.9801742 0.9883   0.0048   1.1793    1.1880  1383.4043  906.0526     15.1711   7.0138  1.2369  195.5564 11.8636
2459328.9817020 1.0032   0.0048   1.1951    1.1965  1384.2162  906.0432     15.0628   7.6173  1.2363  194.3511 11.8654
2459328.9832182 0.9938   0.0049   1.1567    1.1614  1381.6423  906.0640     15.5587  10.0747  1.2357  195.5370 11.8906
2459328.9847459 1.0035   0.0049   1.1596    1.1456  1383.5768  906.9779     14.2300  10.1690  1.2353  195.6602 11.8985
2459328.9862621 0.9988   0.0049   1.1616    1.1573  1384.0727  905.9450     15.1778   9.8799  1.2348  197.4811 11.8915
2459328.9877899 1.0005   0.0049   1.1569    1.1587  1384.9036  906.9987     14.0442  10.4616  1.2344  195.2927 11.8977
2459328.9893177 1.0044   0.0050   1.1480    1.1379  1383.8650  907.0405     14.1218  10.4848  1.2341  197.5009 11.9103
2459328.9908339 1.0036   0.0049   1.1601    1.1505  1383.0059  906.0434     15.2533   8.2037  1.2338  197.1585 11.8981
2459328.9923617 0.9977   0.0050   1.1452    1.1479  1384.0174  906.9959     14.1437  10.7712  1.2335  199.3526 11.9058
2459328.9938894 0.9972   0.0051   1.0845    1.0791  1383.9780  905.0522     16.0755  10.7199  1.2333  197.9402 11.9644
2459328.9954056 0.9992   0.0050   1.1399    1.1400  1383.8227  906.0809     15.0772   8.0089  1.2332  199.6242 11.9124
2459329.0000468 0.9876   0.0050   1.1257    1.1350  1451.3499  873.7593     80.6368   6.3470  1.2330  201.2403 11.9133
2459329.0015630 1.0024   0.0050   1.1429    1.1358  1451.1364  874.8903     79.8052   7.2228  1.2331  199.9926 11.9130
2459329.0030908 0.9975   0.0050   1.1381    1.1369  1451.1313  873.0210     80.8954   7.7402  1.2331  202.9816 11.9123
2459329.0046185 0.9960   0.0050   1.1341    1.1289  1451.4370  872.9338     81.1934   6.7490  1.2333  200.9371 11.9144
2459329.0061347 0.9929   0.0050   1.1308    1.1377  1451.3875  873.0266     81.0985   8.0174  1.2335  199.5048 11.9142
2459329.0076625 1.0011   0.0050   1.1299    1.1214  1450.4809  874.7200     79.3702   7.9451  1.2337  201.6599 11.9241
2459329.0091787 1.0032   0.0050   1.1301    1.1226  1451.3004  872.9755     81.0586   7.7034  1.2340  201.4700 11.9262
2459329.0107065 1.0012   0.0050   1.1233    1.1164  1451.1429  873.0394     80.8939   6.7466  1.2343  201.1950 11.9305
2459329.0122343 0.9939   0.0050   1.1136    1.1186  1450.7133  873.0766     80.5262   8.0488  1.2347  202.7140 11.9320
2459329.0137505 0.9929   0.0050   1.1164    1.1112  1451.9622  873.0193     81.5669   7.4746  1.2351  200.8654 11.9282
2459329.0152782 1.0008   0.0051   1.1167    1.1130  1451.2529  873.7946     80.5375   8.5271  1.2355  202.0754 11.9365
2459329.0167944 1.0014   0.0051   1.1163    1.1139  1450.5612  873.9002     79.9158   8.5826  1.2360  201.6954 11.9376
2459329.0183222 0.9966   0.0051   1.1121    1.1082  1451.2119  873.9294     80.4253   7.8480  1.2366  203.3796 11.9363
2459329.0198500 0.9931   0.0051   1.1066    1.1160  1451.3408  874.6606     80.1047   7.9828  1.2372  200.6832 11.9379
2459329.0213662 0.9959   0.0050   1.1234    1.1172  1451.1649  874.7071     79.9343   7.0729  1.2379  199.0036 11.9247
2459329.0228939 1.0044   0.0050   1.1277    1.1160  1450.7794  873.8335     80.1315   8.4665  1.2386  200.0700 11.9297
2459329.0244101 0.9968   0.0050   1.1226    1.1109  1451.2006  873.7908     80.4974   6.5847  1.2393  200.7167 11.9264
2459329.0259379 0.9922   0.0050   1.1187    1.1147  1451.9782  872.9907     81.5967   7.1526  1.2401  201.1597 11.9252
2459329.0274541 1.0057   0.0051   1.1290    1.1200  1451.3374  873.0893     81.0210   5.8895  1.2410  201.7841 11.9298
2459329.0289819 0.9943   0.0051   1.1001    1.0962  1451.1130  873.9837     80.3134   7.9424  1.2419  201.7138 11.9457
2459329.0305096 0.9971   0.0051   1.0975    1.0913  1451.9753  874.7987     80.5438   8.6787  1.2428  201.8719 11.9513
2459329.0320258 1.0033   0.0052   1.0966    1.0804  1451.2079  874.0785     80.3349   7.5366  1.2438  199.7988 11.9589
2459329.0335536 0.9911   0.0051   1.0965    1.1029  1451.1406  873.9798     80.3380   8.1050  1.2449  199.9831 11.9457
2459329.0350698 0.9964   0.0052   1.0969    1.0995  1451.2516  874.0987     80.3585   8.2779  1.2459  203.2558 11.9511
2459329.0365976 0.9978   0.0052   1.0968    1.0968  1452.0047  874.0387     81.0061   7.6233  1.2471  203.2370 11.9528
2459329.0381138 0.9983   0.0052   1.0978    1.0962  1451.9126  873.9353     80.9911   7.6069  1.2483  203.0687 11.9522
2459329.0396415 0.9944   0.0052   1.0939    1.0953  1451.0981  873.9076     80.3458   7.6109  1.2495  205.5968 11.9519
2459329.0411577 1.0047   0.0051   1.1106    1.1014  1451.2686  873.9763     80.4439   6.6582  1.2508  202.8143 11.9467
2459329.0426855 0.9873   0.0051   1.0901    1.0957  1451.9643  874.9232     80.4635   7.1843  1.2521  201.2711 11.9480
2459329.0442133 1.0011   0.0052   1.0956    1.0915  1451.2883  874.9094     79.9181   8.0366  1.2535  203.1221 11.9575
2459329.0482063 1.0086   0.0053   1.0818    1.0626  1403.9010  936.7924     23.8714   8.9568  1.2574  202.1491 11.9794
2459329.0497225 0.9853   0.0052   1.0668    1.0751  1404.0163  932.0744     21.1478   7.6007  1.2590  202.7702 11.9691
2459329.0512503 0.9949   0.0052   1.0759    1.0739  1404.0499  932.9435     21.6436   8.4736  1.2606  202.5238 11.9704
2459329.0527781 0.9931   0.0052   1.0794    1.0744  1404.1269  932.8983     21.6830   9.1472  1.2623  202.1023 11.9650
2459329.0542943 0.9948   0.0051   1.0899    1.0866  1403.9949  932.1013     21.1437   7.7764  1.2640  201.9847 11.9563
2459329.0558220 0.9878   0.0051   1.0832    1.0920  1403.9467  932.0233     21.0617   7.5055  1.2658  202.1013 11.9554
2459329.0573382 0.9908   0.0052   1.0792    1.0763  1404.0335  932.0655     21.1578   6.5672  1.2676  203.6976 11.9626
2459329.0588660 1.0053   0.0052   1.0894    1.0808  1404.1197  931.9925     21.1933   7.9776  1.2695  203.5228 11.9682
2459329.0603938 0.9914   0.0052   1.0654    1.0584  1404.0570  932.8794     21.6143   8.6655  1.2714  203.1173 11.9773
2459329.0619100 0.9869   0.0052   1.0517    1.0596  1404.0171  934.0947     22.2730   8.0419  1.2734  202.9853 11.9864
2459329.0634377 0.9893   0.0052   1.0592    1.0628  1404.8893  932.9002     22.3253   8.3701  1.2754  204.0907 11.9812
2459329.0649539 0.9885   0.0052   1.0611    1.0558  1404.0240  932.8993     21.5976   7.9345  1.2775  205.1662 11.9785
2459329.0664817 0.9885   0.0053   1.0602    1.0658  1404.0224  932.9823     21.6422   8.1788  1.2797  203.4602 11.9794
2459329.0680095 0.9907   0.0053   1.0483    1.0436  1404.1152  933.0028     21.7307   8.2098  1.2819  203.6105 11.9941
2459329.0695257 0.9988   0.0054   1.0474    1.0414  1404.1650  933.0173     21.7803   7.7984  1.2841  202.1167 12.0038
2459329.0710534 0.9847   0.0054   1.0334    1.0341  1404.0570  933.0859     21.7284   7.6284  1.2864  202.9038 12.0031
2459329.0725812 0.9815   0.0053   1.0341    1.0460  1404.0213  933.0468     21.6770   6.5700  1.2888  204.6762 11.9988
2459329.0740974 1.0031   0.0053   1.0671    1.0515  1404.0664  933.8858     22.1909   8.1565  1.2912  204.7852 11.9882
2459329.0771529 0.9955   0.0053   1.0687    1.0648  1403.9994  933.8746     22.1299   6.3958  1.2962  205.4297 11.9784
2459329.0786691 0.9973   0.0052   1.0701    1.0585  1404.0801  933.8385     22.1747   6.5124  1.2988  205.0587 11.9789
2459329.0801969 0.9909   0.0052   1.0589    1.0592  1404.9526  933.9182     22.9364   7.0155  1.3015  206.2241 11.9834
2459329.0817131 0.9984   0.0053   1.0664    1.0602  1404.1171  933.9903     22.2930   5.8724  1.3041  207.2457 11.9840
2459329.0832409 0.9809   0.0052   1.0562    1.0578  1404.0781  933.0660     21.7349   5.6861  1.3069  205.4901 11.9752
2459329.0847571 0.9957   0.0053   1.0681    1.0607  1404.0928  933.8512     22.1924   6.3431  1.3097  208.4039 11.9793
2459329.0862848 0.9895   0.0053   1.0605    1.0646  1404.9110  933.8744     22.8774   6.4823  1.3126  208.1729 11.9802
2459329.0878126 0.9898   0.0053   1.0517    1.0497  1404.1235  933.9268     22.2613   6.0640  1.3155  208.3645 11.9896
2459329.0893288 0.9871   0.0054   1.0313    1.0347  1404.0192  933.9453     22.1872   8.3227  1.3185  207.3973 12.0080
2459329.0908566 0.9944   0.0054   1.0269    1.0278  1404.1616  933.9933     22.3309   5.9432  1.3216  209.8835 12.0206
2459329.0923844 0.9924   0.0055   1.0227    1.0207  1404.2624  933.9316     22.3773   8.7089  1.3247  209.5650 12.0228
2459329.0963890 0.9999   0.0055   1.0139    1.0027  1395.0500  877.9040     44.0360   8.0473  1.3331  209.2769 12.0404
2459329.0979167 0.9979   0.0054   1.0245    1.0139  1394.3858  877.0472     44.7456   8.3100  1.3365  208.1296 12.0269
2459329.0994329 1.0000   0.0054   1.0293    1.0241  1394.9632  876.8892     45.0122   8.0094  1.3398  208.8709 12.0241
2459329.1009607 0.9947   0.0054   1.0231    1.0189  1395.0561  877.0130     44.9096   7.8837  1.3433  208.6475 12.0249
2459329.1024769 0.9939   0.0054   1.0227    1.0209  1395.0785  876.9992     44.9276   7.9518  1.3468  208.6733 12.0244
2459329.1040047 0.9849   0.0054   1.0231    1.0266  1394.9793  876.9328     44.9728   5.5765  1.3504  207.3384 12.0142
2459329.1055324 0.9960   0.0054   1.0356    1.0202  1394.2589  876.9286     44.8386   6.1425  1.3541  208.7718 12.0132
2459329.1070602 0.9900   0.0054   1.0327    1.0359  1395.0329  876.9673     44.9497   6.5150  1.3578  208.1735 12.0096
2459329.1085764 0.9906   0.0055   1.0126    1.0133  1395.1549  876.9979     44.9444   7.5929  1.3615  211.2618 12.0316
2459329.1101042 0.9935   0.0055   1.0048    1.0003  1395.0164  877.0737     44.8421   6.0466  1.3654  214.0837 12.0431
2459329.1116204 0.9958   0.0056   0.9936    0.9879  1395.0889  877.8181     44.1280   6.6782  1.3693  217.2322 12.0578
2459329.1131481 1.0034   0.0056   1.0067    0.9974  1395.1670  877.0341     44.9114   5.4085  1.3733  218.4827 12.0519
2459329.1146759 0.9929   0.0056   0.9906    0.9835  1395.0258  877.0559     44.8614   5.2220  1.3773  220.2155 12.0580
2459329.1161921 0.9944   0.0057   0.9827    0.9748  1395.0418  877.0140     44.9057   5.5760  1.3814  222.4670 12.0683
2459329.1177199 0.9837   0.0057   0.9649    0.9664  1395.1192  877.0311     44.9046   5.3601  1.3856  225.2153 12.0764
2459329.1192477 0.9821   0.0057   0.9571    0.9562  1395.2117  877.0251     44.9293   5.3924  1.3899  224.6727 12.0835
2459329.1207639 0.9867   0.0059   0.9493    0.9477  1395.1267  876.9739     44.9621   5.1517  1.3942  228.1941 12.0974
2459329.1222916 0.9846   0.0059   0.9370    0.9316  1394.9841  877.0336     44.8749   5.5433  1.3986  228.0411 12.1093
2459329.1238194 0.9873   0.0059   0.9398    0.9401  1395.0712  877.0257     44.9002   5.6192  1.4031  229.5725 12.1089
2459329.1253356 0.9915   0.0059   0.9337    0.9266  1395.1186  877.0449     44.8910   5.5998  1.4076  230.0399 12.1206
2459329.1268634 1.0023   0.0060   0.9261    0.9104  1395.0311  877.8725     44.0629   6.3263  1.4122  232.2831 12.1413
2459329.1283911 0.9992   0.0061   0.9073    0.8957  1395.2071  877.0497     44.9044   5.6218  1.4169  235.7056 12.1602
2459329.1299073 0.9984   0.0063   0.8995    0.8859  1396.0062  877.7622     44.3806   5.7085  1.4216  236.1143 12.1687
2459329.1314351 0.9950   0.0063   0.8829    0.8811  1395.1470  877.0647     44.8774   5.6119  1.4265  236.1204 12.1853
2459329.1329629 0.9869   0.0063   0.8731    0.8708  1395.1165  877.0275     44.9076   5.2939  1.4314  238.9412 12.1885
2459329.1360068 0.9946   0.0064   0.8682    0.8628  1395.2699  878.0166     43.9716   4.8079  1.4414  240.8969 12.2030
2459329.1375230 0.9914   0.0064   0.8722    0.8710  1395.1499  877.9149     44.0459   5.2681  1.4465  240.8304 12.1945
2459329.1390508 0.9927   0.0064   0.8690    0.8720  1395.0569  877.8321     44.1077   5.1949  1.4518  240.2462 12.1999
2459329.1405786 0.9995   0.0065   0.8659    0.8554  1395.1233  877.8088     44.1443   5.5290  1.4571  242.9735 12.2113
2459329.1442360 0.9956   0.0066   0.8471    0.8340  1386.1557  877.9840     43.0163   8.9996  1.4701  246.2324 12.2308
2459329.1457637 0.9844   0.0065   0.8487    0.8491  1386.3498  875.8848     45.1166   5.6588  1.4757  248.1627 12.2164
2459329.1472799 0.9930   0.0065   0.8552    0.8446  1386.3948  875.0061     45.9956   6.5311  1.4814  243.9051 12.2177
2459329.1488077 0.9737   0.0065   0.8318    0.8476  1387.0118  875.9595     45.0519   5.3450  1.4871  245.1553 12.2265
2459329.1503355 0.9930   0.0067   0.8405    0.8425  1386.2952  875.9483     45.0526   5.2372  1.4930  245.2288 12.2364
2459329.1518517 0.9899   0.0066   0.8356    0.8291  1387.0174  876.0264     44.9851   4.9108  1.4989  247.6964 12.2394
2459329.1533794 0.9769   0.0065   0.8275    0.8271  1387.0748  875.8983     45.1145   4.1141  1.5049  248.4203 12.2356
2459329.1549072 0.9970   0.0066   0.8459    0.8348  1386.3153  875.9477     45.0534   5.3359  1.5110  246.3851 12.2339
2459329.1564350 0.9902   0.0065   0.8485    0.8421  1387.1634  876.0172     44.9978   5.1195  1.5172  245.9912 12.2231
2459329.1579512 0.9892   0.0065   0.8466    0.8425  1387.0775  875.9416     45.0713   4.8816  1.5235  246.8725 12.2244
2459329.1594789 0.9890   0.0066   0.8411    0.8306  1387.0652  875.9174     45.0952   4.6827  1.5298  248.7385 12.2314
2459329.1609951 1.0003   0.0068   0.8246    0.8153  1386.3951  875.8992     45.1025   4.5390  1.5363  252.2716 12.2652
2459329.1625229 1.0027   0.0069   0.8135    0.8015  1387.0627  875.9927     45.0199   5.2385  1.5428  253.0712 12.2824
2459329.1655669 0.9887   0.0070   0.7926    0.7849  1386.5216  875.9470     45.0560   5.2863  1.5562  256.1492 12.2955
2459329.1686224 1.0046   0.0070   0.8012    0.7786  1387.2642  875.9857     45.0321   5.0683  1.5700  255.7323 12.3011
2459329.1701386 0.9923   0.0069   0.7891    0.7796  1387.1508  875.9285     45.0862   4.8175  1.5770  257.2779 12.3042
2459329.1716664 1.0047   0.0072   0.7883    0.7696  1387.0805  875.9517     45.0613   5.3092  1.5842  257.9805 12.3188
2459329.1731826 0.9990   0.0073   0.7676    0.7564  1387.0796  876.0175     44.9954   5.6623  1.5914  257.6693 12.3415
2459329.1747104 1.0101   0.0074   0.7654    0.7486  1387.1681  876.7813     44.2342   5.7533  1.5988  261.2290 12.3567
2459329.1762265 0.9973   0.0071   0.7660    0.7646  1387.2168  876.7780     44.2387   5.4708  1.6062  260.8257 12.3420
2459329.1777543 0.9928   0.0070   0.7879    0.7794  1387.0671  876.0140     44.9987   4.7892  1.6138  257.1543 12.3064
2459329.1792821 0.9927   0.0070   0.7939    0.7840  1387.2037  876.0314     44.9847   5.1089  1.6214  256.5272 12.2981
2459329.1807983 0.9979   0.0069   0.8067    0.7930  1387.2137  876.7903     44.2264   6.1589  1.6292  254.4727 12.2865
2459329.1823261 1.0015   0.0070   0.8039    0.7846  1387.1571  876.9936     44.0216   7.9437  1.6371  252.6316 12.2941
2459329.1838538 0.9970   0.0070   0.8017    0.7880  1387.1698  876.8734     44.1421   6.0347  1.6451  251.7618 12.2921
2459329.1853700 1.0008   0.0070   0.8027    0.7930  1387.1716  876.9283     44.0873   5.6983  1.6531  251.3818 12.2949
2459329.1868978 1.0072   0.0071   0.7932    0.7781  1387.1899  876.9197     44.0964   5.9967  1.6614  253.1346 12.3148
2459329.1884256 0.9881   0.0071   0.7784    0.7786  1387.1135  876.0685     44.9453   6.8597  1.6697  252.5017 12.3145
2459329.1920598 1.0120   0.0071   0.7993    0.7795  1381.2831  870.8267     50.3945   7.6344  1.6901  255.8325 12.3117
2459329.1935876 0.9996   0.0071   0.7955    0.7804  1381.1886  866.0483     55.1620   6.5772  1.6988  255.0743 12.3033
2459329.1951153 1.0002   0.0071   0.7810    0.7684  1381.3824  866.0425     55.1511   5.0314  1.7077  257.2206 12.3240
2459329.1966315 1.0034   0.0072   0.7756    0.7679  1382.0771  866.9815     54.1608   4.5686  1.7166  257.8433 12.3350
2459329.1981593 1.0076   0.0074   0.7620    0.7426  1381.4418  865.8524     55.3357   4.9175  1.7258  261.8332 12.3587
2459329.1996755 1.0064   0.0074   0.7560    0.7425  1381.6207  867.0380     54.1394   5.7587  1.7349  261.6932 12.3660
2459329.2012033 0.9975   0.0073   0.7564    0.7530  1381.4173  866.9613     54.2327   5.5610  1.7443  261.0171 12.3559
2459329.2027195 1.0022   0.0074   0.7589    0.7462  1382.1316  866.0467     55.0893   5.9269  1.7538  259.8635 12.3574
2459329.2042472 1.0037   0.0074   0.7503    0.7405  1381.4259  866.0251     55.1648   6.1281  1.7634  259.8844 12.3713
2459329.2057750 1.0005   0.0074   0.7431    0.7376  1382.0574  865.9963     55.1448   6.4106  1.7732  262.4202 12.3784
2459329.2072912 1.0141   0.0076   0.7453    0.7215  1382.0970  866.8673     54.2732   6.6413  1.7830  262.3678 12.3899
2459329.2088190 1.0057   0.0075   0.7414    0.7191  1382.5550  866.0690     55.0389   5.5592  1.7931  262.2560 12.3864
2459329.2108329 0.9996   0.0075   0.7341    0.7210  1432.4165  906.9432     48.4983   6.4704  1.8065  263.2090 12.3906
2459329.2123606 0.9995   0.0076   0.7275    0.7144  1433.1107  905.9760     49.4484   8.0676  1.8169  266.0794 12.4003
2459329.2138768 1.0031   0.0077   0.7294    0.7269  1433.1243  906.0594     49.4361   5.9821  1.8273  265.2175 12.4013
2459329.2169324 0.9917   0.0076   0.7158    0.7231  1432.4863  905.9900     48.8495   4.8202  1.8488  264.2124 12.4094
2459329.2184601 0.9917   0.0077   0.7054    0.7157  1433.2526  904.9834     49.8933   5.0971  1.8598  259.0098 12.4253